<?xml version="1.0" encoding="UTF-8" standalone="no" ?>
<COLLADA xmlns="http://www.collada.org/2005/11/COLLADASchema" version="1.4.1">
    <asset>
        <contributor>
            <authoring_tool>SketchUp 15.3.331</authoring_tool>
        </contributor>
        <created>2015-10-15T13:37:12Z</created>
        <modified>2015-10-15T13:37:12Z</modified>
        <unit meter="0.0254" name="inch" />
        <up_axis>Z_UP</up_axis>
    </asset>
    <library_visual_scenes>
        <visual_scene id="ID1">
            <node name="SketchUp">
                <node id="ID2" name="group_0">
                    <matrix>1.3 0 0 -108.8858 0 1.3 0 -108.8858 0 0 1.3 -0.7477543 0 0 0 1</matrix>
                    <instance_geometry url="#ID3">
                        <bind_material>
                            <technique_common>
                                <instance_material symbol="Material2" target="#ID4">
                                    <bind_vertex_input semantic="UVSET0" input_semantic="TEXCOORD" input_set="0" />
                                </instance_material>
                                <instance_material symbol="Material3" target="#ID14">
                                    <bind_vertex_input semantic="UVSET0" input_semantic="TEXCOORD" input_set="0" />
                                </instance_material>
                                <instance_material symbol="Material4" target="#ID15">
                                    <bind_vertex_input semantic="UVSET0" input_semantic="TEXCOORD" input_set="0" />
                                </instance_material>
                            </technique_common>
                        </bind_material>
                    </instance_geometry>
                    <instance_geometry url="#ID20">
                        <bind_material>
                            <technique_common>
                                <instance_material symbol="Material2" target="#ID21">
                                    <bind_vertex_input semantic="UVSET0" input_semantic="TEXCOORD" input_set="0" />
                                </instance_material>
                                <instance_material symbol="Material3" target="#ID15">
                                    <bind_vertex_input semantic="UVSET0" input_semantic="TEXCOORD" input_set="0" />
                                </instance_material>
                            </technique_common>
                        </bind_material>
                    </instance_geometry>
                    <instance_geometry url="#ID33">
                        <bind_material>
                            <technique_common>
                                <instance_material symbol="Material2" target="#ID4">
                                    <bind_vertex_input semantic="UVSET0" input_semantic="TEXCOORD" input_set="0" />
                                </instance_material>
                                <instance_material symbol="Material3" target="#ID14">
                                    <bind_vertex_input semantic="UVSET0" input_semantic="TEXCOORD" input_set="0" />
                                </instance_material>
                                <instance_material symbol="Material4" target="#ID15">
                                    <bind_vertex_input semantic="UVSET0" input_semantic="TEXCOORD" input_set="0" />
                                </instance_material>
                            </technique_common>
                        </bind_material>
                    </instance_geometry>
                </node>
                <node id="ID41" name="group_1">
                    <matrix>1 0 0 -85.65955 0 1 0 -78.24667 0 0 1 36.6443 0 0 0 1</matrix>
                    <node id="ID42" name="instance_0">
                        <matrix>0.2225209 -0.9749279 0 111.2946 -0.9749279 -0.2225209 0 154.1734 0 0 1 0 0 0 0 1</matrix>
                        <instance_node url="#ID43" />
                    </node>
                    <node id="ID398" name="instance_337">
                        <matrix>-1 0 0 152.6449 0 1 0 35.3729 0 -0 1 0 0 0 0 1</matrix>
                        <instance_node url="#ID43" />
                    </node>
                    <node id="ID399" name="instance_338">
                        <matrix>-0.6234898 0.7818315 0 93.47496 0.7818315 0.6234898 0 -1.670124 0 -0 1 0 0 0 0 1</matrix>
                        <instance_node url="#ID43" />
                    </node>
                    <node id="ID400" name="instance_339">
                        <matrix>0.9009689 -0.4338837 0 41.9119 -0.4338837 -0.9009689 0 146.4717 0 0 1 0 0 0 0 1</matrix>
                        <instance_node url="#ID43" />
                    </node>
                    <node id="ID401" name="instance_340">
                        <matrix>0.9009689 0.4338837 0 4.673969 0.4338837 -0.9009689 0 87.42417 -0 0 1 0 0 0 0 1</matrix>
                        <instance_node url="#ID43" />
                    </node>
                    <node id="ID402" name="instance_341">
                        <matrix>0.2225209 0.9749279 0 27.62169 0.9749279 -0.2225209 0 21.49487 -0 0 1 0 0 0 0 1</matrix>
                        <instance_node url="#ID43" />
                    </node>
                    <node id="ID403" name="instance_342">
                        <matrix>-0.6234898 -0.7818315 0 160.5754 -0.7818315 0.6234898 0 104.7298 0 0 1 0 0 0 0 1</matrix>
                        <instance_node url="#ID43" />
                    </node>
                </node>
                <node id="ID404" name="group_3">
                    <matrix>0.89 0 0 -29.37024 0 0.89 0 -25.78099 0 0 0.89 154.0314 0 0 0 1</matrix>
                    <node id="ID405" name="instance_343">
                        <matrix>0.8370747 -0.03738469 0.142858 -1.369893 0.0359991 0.8491624 0.01128216 18.74777 -0.1432134 -0.005060291 0.8378331 8.21247 0 0 0 1</matrix>
                        <instance_node url="#ID406" />
                    </node>
                    <node id="ID486" name="instance_359">
                        <matrix>-0.4748399 -0.7021398 -0.06345737 61.32866 0.6973783 -0.4790196 0.08187693 5.865213 -0.1033957 -0.006323955 0.8436642 8.709618 0 0 0 1</matrix>
                        <instance_node url="#ID406" />
                    </node>
                    <node id="ID487" name="instance_360">
                        <matrix>-0.2334115 0.8155148 -0.05435666 36.49476 -0.7989427 -0.2395785 -0.1636847 65.74089 -0.1723647 0.006143486 0.8323176 7.046789 0 0 0 1</matrix>
                        <instance_node url="#ID406" />
                    </node>
                </node>
                <node id="ID488" name="instance_361">
                    <matrix>1 0 0 -23.23194 0 1 0 -25.66852 0 0 1 207.2669 0 0 0 1</matrix>
                    <instance_node url="#ID489" />
                </node>
                <node id="ID496" name="instance_362">
                    <matrix>-0.9009689 -0.4338837 0 88.26575 0.4338837 -0.9009689 0 -17.0765 0 0 1 34.1054 0 0 0 1</matrix>
                    <instance_node url="#ID497" />
                </node>
                <node id="ID508" name="instance_363">
                    <matrix>-0.9009689 0.4338837 0 68.01482 -0.4338837 -0.9009689 0 59.20511 0 0 1 34.1054 0 0 0 1</matrix>
                    <instance_node url="#ID497" />
                </node>
                <node id="ID509" name="instance_364">
                    <matrix>-0.2225209 0.9749279 0 -4.250792 -0.9749279 -0.2225209 0 90.93311 0 0 1 34.1054 0 0 0 1</matrix>
                    <instance_node url="#ID497" />
                </node>
                <node id="ID510" name="instance_365">
                    <matrix>0.6234898 0.7818315 0 -74.11361 -0.7818315 0.6234898 0 54.21566 0 -0 1 34.1054 0 0 0 1</matrix>
                    <instance_node url="#ID497" />
                </node>
                <node id="ID511" name="instance_366">
                    <matrix>-0.08572157 -0.9963191 0 -1.059916 -0.9963191 0.08572157 0 0.03856399 -0 0 -1 235.5212 0 0 0 1</matrix>
                    <instance_node url="#ID512" />
                </node>
                <node id="ID528" name="instance_367">
                    <matrix>0.1575458 0.6450497 0.7477233 8.969421 -0.2107048 0.7617005 -0.6127119 -11.14274 -0.9647709 -0.06101867 0.2559178 259.5978 0 0 0 1</matrix>
                    <instance_node url="#ID529" />
                </node>
                <node id="ID567" name="instance_381">
                    <matrix>-0.4157117 -0.198365 0.8876008 -13.50565 0.2828007 0.8993551 0.3334429 7.788317 -0.8644117 0.3896302 -0.3177747 268.9185 0 0 0 1</matrix>
                    <instance_node url="#ID529" />
                </node>
                <node id="ID568" name="instance_382">
                    <matrix>0.1575458 0.6450497 0.7477233 -4.722356 -0.2107048 0.7617005 -0.6127119 -2.102727 -0.9647709 -0.06101867 0.2559178 297.966 0 0 0 1</matrix>
                    <instance_node url="#ID529" />
                </node>
                <node id="ID569" name="instance_383">
                    <matrix>0.1575458 -0.2020344 0.9666237 -23.86926 -0.2107048 0.9494292 0.2327825 0.6298607 -0.9647709 -0.2403461 0.107009 237.3367 0 0 0 1</matrix>
                    <instance_node url="#ID529" />
                </node>
                <node id="ID570" name="instance_384">
                    <matrix>-0.200078 -0.1288444 -0.9712713 0.2863302 0.4621998 0.8616695 -0.2095164 -10.50926 0.8639098 -0.490841 -0.1128492 283.8334 0 0 0 1</matrix>
                    <instance_node url="#ID531" />
                </node>
                <node id="ID571" name="instance_385">
                    <matrix>0.1575458 -0.2020344 0.9666237 24.69825 -0.2107048 0.9494292 0.2327825 5.682751 -0.9647709 -0.2403461 0.107009 230.6634 0 0 0 1</matrix>
                    <instance_node url="#ID529" />
                </node>
                <node id="ID572" name="instance_386">
                    <matrix>0.1575458 -0.2020344 0.9666237 -9.082901 -0.2107048 0.9494292 0.2327825 -31.56594 -0.9647709 -0.2403461 0.107009 231.0761 0 0 0 1</matrix>
                    <instance_node url="#ID529" />
                </node>
                <node id="ID573" name="instance_387">
                    <matrix>-0.1203167 0.7647752 0.6329634 -19.30822 -0.2339682 0.5977897 -0.7667505 -11.44038 0.9647709 0.2403461 -0.107009 204.4323 0 0 0 1</matrix>
                    <instance_node url="#ID574" />
                </node>
                <node id="ID589" name="instance_388">
                    <matrix>-0.1203167 0.7647752 0.6329634 3.147256 -0.2339682 0.5977897 -0.7667505 34.6022 0.9647709 0.2403461 -0.107009 198.1717 0 0 0 1</matrix>
                    <instance_node url="#ID574" />
                </node>
                <node id="ID590" name="instance_389">
                    <matrix>-0.1203167 0.7647752 0.6329634 28.97936 -0.2339682 0.5977897 -0.7667505 -25.47393 0.9647709 0.2403461 -0.107009 204.845 0 0 0 1</matrix>
                    <instance_node url="#ID574" />
                </node>
                <node id="ID591" name="instance_390">
                    <matrix>1 0 0 -88.96551 0 1 0 -23.29825 0 0 1 34.1054 0 0 0 1</matrix>
                    <instance_node url="#ID497" />
                </node>
                <node id="ID592" name="instance_391">
                    <matrix>0.6234898 -0.7818315 0 -37.6227 0.7818315 0.6234898 0 -83.23906 -0 0 1 34.1054 0 0 0 1</matrix>
                    <instance_node url="#ID497" />
                </node>
                <node id="ID593" name="instance_392">
                    <matrix>-0.2225209 -0.9749279 0 41.25263 0.9749279 -0.2225209 0 -80.47012 0 0 1 34.1054 0 0 0 1</matrix>
                    <instance_node url="#ID497" />
                </node>
                <node id="ID594" name="instance_393">
                    <matrix>-0.1203167 -0.5495552 0.8267484 -1.141546 -0.2339682 0.8250362 0.5143677 -12.10297 0.9647709 0.1315458 0.227844 311.1697 0 0 0 1</matrix>
                    <instance_node url="#ID574" />
                </node>
                <node id="ID595" name="instance_394">
                    <matrix>0.6498421 -0.7600692 0 79.75365 0.7600692 0.6498421 0 -68.91151 -0 0 1 -0.7477543 0 0 0 1</matrix>
                    <instance_node url="#ID596" />
                </node>
                <node id="ID603" name="instance_395">
                    <matrix>-0.4157117 -0.198365 0.8876008 -47.22313 0.2828007 0.8993551 0.3334429 -32.94938 -0.8644117 0.3896302 -0.3177747 136.9679 0 0 0 1</matrix>
                    <instance_node url="#ID529" />
                </node>
                <node id="ID604" name="instance_396">
                    <matrix>0.1575458 -0.2020344 0.9666237 -37.98329 -0.2107048 0.9494292 0.2327825 33.75958 -0.9647709 -0.2403461 0.107009 161.3928 0 0 0 1</matrix>
                    <instance_node url="#ID529" />
                </node>
                <node id="ID605" name="instance_397">
                    <matrix>0.1575458 -0.2020344 0.9666237 -23.86926 -0.2107048 0.9494292 0.2327825 58.79677 -0.9647709 -0.2403461 0.107009 136.4402 0 0 0 1</matrix>
                    <instance_node url="#ID529" />
                </node>
                <node id="ID606" name="instance_398">
                    <matrix>0.1575458 -0.2020344 0.9666237 -9.082901 -0.2107048 0.9494292 0.2327825 -77.40738 -0.9647709 -0.2403461 0.107009 111.9496 0 0 0 1</matrix>
                    <instance_node url="#ID529" />
                </node>
                <node id="ID607" name="instance_399">
                    <matrix>-0.1203167 0.7647752 0.6329634 64.38241 -0.2339682 0.5977897 -0.7667505 -41.48808 0.9647709 0.2403461 -0.107009 131.5563 0 0 0 1</matrix>
                    <instance_node url="#ID574" />
                </node>
                <node id="ID608" name="instance_400">
                    <matrix>0.1575458 -0.2020344 0.9666237 31.42307 -0.2107048 0.9494292 0.2327825 37.63357 -0.9647709 -0.2403461 0.107009 141.8482 0 0 0 1</matrix>
                    <instance_node url="#ID529" />
                </node>
                <node id="ID609" name="instance_401">
                    <matrix>-0.1203167 0.7647752 0.6329634 41.43716 -0.2339682 0.5977897 -0.7667505 82.06981 0.9647709 0.2403461 -0.107009 66.50288 0 0 0 1</matrix>
                    <instance_node url="#ID574" />
                </node>
                <node id="ID610" name="instance_402">
                    <matrix>0.1575458 -0.2020344 0.9666237 -86.61789 -0.2107048 0.9494292 0.2327825 33.75958 -0.9647709 -0.2403461 0.107009 91.23349 0 0 0 1</matrix>
                    <instance_node url="#ID529" />
                </node>
                <node id="ID611" name="instance_403">
                    <matrix>-0.1203167 0.7647752 0.6329634 72.43961 -0.2339682 0.5977897 -0.7667505 -40.87967 0.9647709 0.2403461 -0.107009 97.08107 0 0 0 1</matrix>
                    <instance_node url="#ID574" />
                </node>
                <node id="ID612" name="instance_404">
                    <matrix>0.05143294 -0.5977915 0 -35.11476 0.5977915 0.05143294 0 78.24587 0 0 0.6 0.6519478 0 0 0 1</matrix>
                    <instance_node url="#ID613" />
                </node>
                <node id="ID634" name="instance_405">
                    <matrix>0.05143294 -0.5977915 0 -71.99873 0.5977915 0.05143294 0 -55.92549 0 0 0.6 -1.580035 0 0 0 1</matrix>
                    <instance_node url="#ID635" />
                </node>
                <node id="ID660" name="instance_406">
                    <matrix>-0.05143288 -0.5977915 -1.157397e-031 33.1702 -0.5977915 0.05143294 -3.848096e-032 -85.13349 6.107096e-033 6.667523e-032 0.6 -0.7837013 0 0 0 1</matrix>
                    <instance_node url="#ID661" />
                </node>
                <node id="ID674" name="instance_407">
                    <matrix>0.05143294 -0.5977915 0 91.48479 0.5977915 0.05143294 0 21.00513 0 0 0.6 1.930245 0 0 0 1</matrix>
                    <instance_node url="#ID675" />
                </node>
                <node id="ID688" name="instance_408">
                    <matrix>1 0 0 -92.89874 0 1 0 -27.40092 0 0 1 -0.7477543 0 0 0 1</matrix>
                    <instance_node url="#ID689" />
                </node>
                <node id="ID696" name="instance_409">
                    <matrix>1 0 0 -69.10521 0 1 0 -42.87378 0 0 1 36.6443 0 0 0 1</matrix>
                    <instance_node url="#ID697" />
                </node>
                <node id="ID1052" name="instance_410">
                    <matrix>0.6234898 -0.7818315 0 -9.935246 0.7818315 0.6234898 0 -79.9168 -0 0 1 36.6443 0 0 0 1</matrix>
                    <instance_node url="#ID697" />
                </node>
                <node id="ID1053" name="instance_411">
                    <matrix>-0.2225209 -0.9749279 0 55.91802 0.9749279 -0.2225209 0 -56.7518 0 0 1 36.6443 0 0 0 1</matrix>
                    <instance_node url="#ID697" />
                </node>
                <node id="ID1054" name="instance_412">
                    <matrix>-0.9009689 -0.4338837 0 78.86574 0.4338837 -0.9009689 0 9.177498 0 0 1 36.6443 0 0 0 1</matrix>
                    <instance_node url="#ID697" />
                </node>
                <node id="ID1055" name="instance_413">
                    <matrix>-0.9009689 0.4338837 0 41.62781 -0.4338837 -0.9009689 0 68.22499 0 0 1 36.6443 0 0 0 1</matrix>
                    <instance_node url="#ID697" />
                </node>
                <node id="ID1056" name="instance_414">
                    <matrix>-0.2225209 0.9749279 0 -27.75485 -0.9749279 -0.2225209 0 75.92672 0 0 1 36.6443 0 0 0 1</matrix>
                    <instance_node url="#ID697" />
                </node>
                <node id="ID1057" name="instance_415">
                    <matrix>0.6234898 0.7818315 0 -77.03568 -0.7818315 0.6234898 0 26.48311 0 -0 1 36.6443 0 0 0 1</matrix>
                    <instance_node url="#ID697" />
                </node>
                <node id="ID1058" name="instance_416">
                    <matrix>0.5471636 -0.2225209 -0.8069055 -84.06601 0.1248865 0.9749279 -0.1841709 -19.4923 0.8276566 -5.551115e-017 0.5612349 37.2833 0 0 0 1</matrix>
                    <instance_node url="#ID1059" />
                </node>
                <node id="ID1066" name="instance_417">
                    <matrix>0.2435107 -0.9009689 -0.3591067 -37.54352 0.5056552 0.4338837 -0.7456928 -77.03551 0.8276566 0 0.5612349 37.2833 0 0 0 1</matrix>
                    <instance_node url="#ID1059" />
                </node>
                <node id="ID1067" name="instance_418">
                    <matrix>-0.2435107 -0.9009689 0.3591067 36.45186 0.5056552 -0.4338837 -0.7456928 -76.54036 0.8276566 5.551115e-017 0.5612349 37.2833 0 0 0 1</matrix>
                    <instance_node url="#ID1059" />
                </node>
                <node id="ID1068" name="instance_419">
                    <matrix>-0.5471636 -0.2225209 0.8069055 82.20011 0.1248865 -0.9749279 -0.1841709 -18.37973 0.8276566 -2.775558e-017 0.5612349 37.2833 0 0 0 1</matrix>
                    <instance_node url="#ID1059" />
                </node>
                <node id="ID1069" name="instance_420">
                    <matrix>-0.4387911 0.6234898 0.647088 65.25186 -0.3499242 -0.7818315 0.5160354 53.65026 0.8276566 -1.94289e-016 0.5612349 37.2833 0 0 0 1</matrix>
                    <instance_node url="#ID1059" />
                </node>
                <node id="ID1070" name="instance_421">
                    <matrix>6.800116e-016 1 -8.881784e-016 -1.630509 -0.5612349 1.116753e-015 0.8276566 85.30954 0.8276566 -6.433932e-017 0.5612349 37.2833 0 0 0 1</matrix>
                    <instance_node url="#ID1059" />
                </node>
                <node id="ID1071" name="instance_422">
                    <matrix>0.4387911 0.6234898 -0.647088 -68.08321 -0.3499242 0.7818315 0.5160354 52.75804 0.8276566 0 0.5612349 37.2833 0 0 0 1</matrix>
                    <instance_node url="#ID1059" />
                </node>
                <node id="ID1072" name="instance_423">
                    <matrix>1 0 0 -13.76108 0 1 0 -12.04096 0 0 1 -0.3271897 0 0 0 1</matrix>
                    <instance_node url="#ID1073" />
                </node>
                <node id="ID1087" name="instance_424">
                    <matrix>0.9408 0 0 -82.02375 5.551115e-017 0.9408 0 -79.21324 0 0 0.9408 28.05921 0 0 0 1</matrix>
                    <instance_node url="#ID1088" />
                </node>
                <node id="ID1149" name="instance_439">
                    <matrix>0.772157 -0.2583601 0 -45.43664 -0.2583601 -0.772157 0 88.37818 0 0 0.8142336 51.3221 0 0 0 1</matrix>
                    <instance_node url="#ID1150" />
                </node>
                <node id="ID1224" name="instance_440">
                    <matrix>0.6951286 0.1238213 0 -70.32948 -0.1238213 0.6951286 0 -47.55382 0 0 0.7060704 72.4167 0 0 0 1</matrix>
                    <instance_node url="#ID1088" />
                </node>
                <node id="ID1225" name="instance_441">
                    <matrix>0.5627433 0.2342474 0 -67.80068 -0.2342474 0.5627433 0 -26.53759 0 0 0.6095506 94.53004 0 0 0 1</matrix>
                    <instance_node url="#ID1088" />
                </node>
                <node id="ID1226" name="instance_442">
                    <matrix>0.5230286 -0.06421984 0 -39.11557 0.06421984 0.5230286 0 -49.86152 0 0 0.5269565 111.6503 0 0 0 1</matrix>
                    <instance_node url="#ID1088" />
                </node>
                <node id="ID1227" name="instance_443">
                    <matrix>0.4037542 0.1557958 0 -47.47585 -0.1557958 0.4037542 0 -20.15731 0 0 0.4327699 129.4733 0 0 0 1</matrix>
                    <instance_node url="#ID1088" />
                </node>
                <node id="ID1228" name="instance_444">
                    <matrix>0.356472 0.1375511 0 -40.94225 -0.1375511 0.356472 0 -17.8053 0 0 0.3820898 143.8481 0 0 0 1</matrix>
                    <instance_node url="#ID1088" />
                </node>
                <node id="ID1229" name="instance_445">
                    <matrix>-0.6981245 0.2570709 -0.1372189 29.35208 -0.2483781 -0.7112431 -0.06880288 17.74116 -0.1523902 -0.01844124 0.7407627 167.3523 0 0 0 1</matrix>
                    <instance_node url="#ID406" />
                </node>
                <node id="ID1230" name="instance_446">
                    <matrix>0.140049 -0.7433331 0.01159189 2.807858 0.7377062 0.1404151 0.09146251 -33.27404 -0.0920222 -0.00562832 0.7508612 168.6084 0 0 0 1</matrix>
                    <instance_node url="#ID406" />
                </node>
                <node id="ID1231" name="instance_447">
                    <matrix>0.5494472 0.510872 0.09700426 -26.11821 -0.5041369 0.5579263 -0.08280397 14.85414 -0.12746 -0.004503659 0.7456715 168.166 0 0 0 1</matrix>
                    <instance_node url="#ID406" />
                </node>
            </node>
        </visual_scene>
    </library_visual_scenes>
    <library_geometries>
        <geometry id="ID3">
            <mesh>
                <source id="ID9">
                    <float_array id="ID17" count="1152">83.75831 167.5166 2.803764 105.4366 164.6626 0 83.75831 167.5166 0 105.4366 164.6626 2.803764 105.4366 164.6626 2.803764 83.75831 167.5166 2.803764 105.4366 164.6626 0 83.75831 167.5166 0 105.4366 164.6626 0 83.75831 167.5166 0 83.75831 167.5166 2.803764 105.4366 164.6626 2.803764 2.853995 105.4366 0 1.292771 83.75831 0 0 83.75831 0 4.102716 105.102 0 11.22149 125.6375 0 12.34106 124.9911 0 24.53224 142.9844 0 25.44637 142.0703 0 41.87915 156.2951 0 42.52554 155.1756 0 62.08006 164.6626 0 62.41466 163.4139 0 83.75831 167.5166 0 83.75831 166.2238 0 105.4366 164.6626 0 105.102 163.4139 0 124.9911 155.1756 0 125.6375 156.2951 0 142.0703 142.0703 0 142.9844 142.9844 0 155.1756 124.9911 0 156.2951 125.6375 0 163.4139 105.102 0 164.6626 105.4366 0 166.2238 83.75831 0 167.5166 83.75831 0 2.853995 62.08006 0 4.102716 62.41466 0 11.22149 41.87915 0 12.34106 42.52554 0 24.53224 24.53224 0 25.44637 25.44637 0 41.87915 11.22149 0 42.52554 12.34106 0 62.08006 2.853995 0 62.41466 4.102716 0 83.75831 0 0 83.75831 1.292771 0 105.102 4.102716 0 105.4366 2.853995 0 124.9911 12.34106 0 125.6375 11.22149 0 142.0703 25.44637 0 142.9844 24.53224 0 155.1756 42.52554 0 156.2951 41.87915 0 163.4139 62.41466 0 164.6626 62.08006 0 167.5166 83.75831 0 166.2238 83.75831 0 164.6626 62.08006 0 163.4139 62.41466 0 156.2951 41.87915 0 155.1756 42.52554 0 142.9844 24.53224 0 142.0703 25.44637 0 125.6375 11.22149 0 124.9911 12.34106 0 105.4366 2.853995 0 105.102 4.102716 0 83.75831 0 0 83.75831 1.292771 0 62.41466 4.102716 0 62.08006 2.853995 0 42.52554 12.34106 0 41.87915 11.22149 0 25.44637 25.44637 0 24.53224 24.53224 0 12.34106 42.52554 0 11.22149 41.87915 0 4.102716 62.41466 0 2.853995 62.08006 0 1.292771 83.75831 0 0 83.75831 0 164.6626 105.4366 0 163.4139 105.102 0 156.2951 125.6375 0 155.1756 124.9911 0 142.9844 142.9844 0 142.0703 142.0703 0 125.6375 156.2951 0 124.9911 155.1756 0 105.4366 164.6626 0 105.102 163.4139 0 83.75831 166.2238 0 83.75831 167.5166 0 62.41466 163.4139 0 62.08006 164.6626 0 42.52554 155.1756 0 41.87915 156.2951 0 25.44637 142.0703 0 24.53224 142.9844 0 12.34106 124.9911 0 11.22149 125.6375 0 4.102716 105.102 0 2.853995 105.4366 0 164.6626 105.4366 0 156.2951 125.6375 0 167.5166 83.75831 0 164.6626 62.08006 0 156.2951 41.87915 0 142.9844 24.53224 0 125.6375 11.22149 0 105.4366 2.853995 0 83.75831 0 0 62.08006 2.853995 0 41.87915 11.22149 0 24.53224 24.53224 0 11.22149 41.87915 0 2.853995 62.08006 0 0 83.75831 0 2.853995 105.4366 0 11.22149 125.6375 0 24.53224 142.9844 0 41.87915 156.2951 0 62.08006 164.6626 0 125.6375 156.2951 0 142.9844 142.9844 0 142.0703 142.0703 0 124.9911 155.1756 0 105.102 163.4139 0 83.75831 166.2238 0 62.41466 163.4139 0 42.52554 155.1756 0 25.44637 142.0703 0 12.34106 124.9911 0 4.102716 105.102 0 1.292771 83.75831 0 4.102716 62.41466 0 12.34106 42.52554 0 25.44637 25.44637 0 42.52554 12.34106 0 62.41466 4.102716 0 83.75831 1.292771 0 105.102 4.102716 0 124.9911 12.34106 0 142.0703 25.44637 0 155.1756 42.52554 0 163.4139 62.41466 0 166.2238 83.75831 0 163.4139 105.102 0 155.1756 124.9911 0 62.08006 164.6626 2.803764 62.08006 164.6626 0 62.08006 164.6626 2.803764 62.08006 164.6626 0 62.08006 164.6626 2.803764 2.853995 62.08006 2.803764 1.292771 83.75831 2.803764 0 83.75831 2.803764 4.102716 62.41466 2.803764 11.22149 41.87915 2.803764 12.34106 42.52554 2.803764 24.53224 24.53224 2.803764 25.44637 25.44637 2.803764 41.87915 11.22149 2.803764 42.52554 12.34106 2.803764 62.08006 2.853995 2.803764 62.41466 4.102716 2.803764 83.75831 0 2.803764 83.75831 1.292771 2.803764 105.102 4.102716 2.803764 105.4366 2.853995 2.803764 124.9911 12.34106 2.803764 125.6375 11.22149 2.803764 142.0703 25.44637 2.803764 142.9844 24.53224 2.803764 155.1756 42.52554 2.803764 156.2951 41.87915 2.803764 163.4139 62.41466 2.803764 164.6626 62.08006 2.803764 166.2238 83.75831 2.803764 167.5166 83.75831 2.803764 2.853995 105.4366 2.803764 4.102716 105.102 2.803764 11.22149 125.6375 2.803764 12.34106 124.9911 2.803764 24.53224 142.9844 2.803764 25.44637 142.0703 2.803764 41.87915 156.2951 2.803764 42.52554 155.1756 2.803764 62.08006 164.6626 2.803764 62.41466 163.4139 2.803764 83.75831 167.5166 2.803764 83.75831 166.2238 2.803764 105.4366 164.6626 2.803764 105.102 163.4139 2.803764 124.9911 155.1756 2.803764 125.6375 156.2951 2.803764 142.0703 142.0703 2.803764 142.9844 142.9844 2.803764 155.1756 124.9911 2.803764 156.2951 125.6375 2.803764 163.4139 105.102 2.803764 164.6626 105.4366 2.803764 167.5166 83.75831 2.803764 166.2238 83.75831 2.803764 164.6626 105.4366 2.803764 163.4139 105.102 2.803764 156.2951 125.6375 2.803764 155.1756 124.9911 2.803764 142.9844 142.9844 2.803764 142.0703 142.0703 2.803764 125.6375 156.2951 2.803764 124.9911 155.1756 2.803764 105.4366 164.6626 2.803764 105.102 163.4139 2.803764 83.75831 166.2238 2.803764 83.75831 167.5166 2.803764 62.41466 163.4139 2.803764 62.08006 164.6626 2.803764 42.52554 155.1756 2.803764 41.87915 156.2951 2.803764 25.44637 142.0703 2.803764 24.53224 142.9844 2.803764 12.34106 124.9911 2.803764 11.22149 125.6375 2.803764 4.102716 105.102 2.803764 2.853995 105.4366 2.803764 1.292771 83.75831 2.803764 0 83.75831 2.803764 164.6626 62.08006 2.803764 163.4139 62.41466 2.803764 156.2951 41.87915 2.803764 155.1756 42.52554 2.803764 142.9844 24.53224 2.803764 142.0703 25.44637 2.803764 125.6375 11.22149 2.803764 124.9911 12.34106 2.803764 105.4366 2.853995 2.803764 105.102 4.102716 2.803764 83.75831 0 2.803764 83.75831 1.292771 2.803764 62.41466 4.102716 2.803764 62.08006 2.853995 2.803764 42.52554 12.34106 2.803764 41.87915 11.22149 2.803764 25.44637 25.44637 2.803764 24.53224 24.53224 2.803764 12.34106 42.52554 2.803764 11.22149 41.87915 2.803764 4.102716 62.41466 2.803764 2.853995 62.08006 2.803764 164.6626 105.4366 2.803764 156.2951 125.6375 2.803764 142.9844 142.9844 2.803764 125.6375 156.2951 2.803764 41.87915 156.2951 2.803764 24.53224 142.9844 2.803764 11.22149 125.6375 2.803764 2.853995 105.4366 2.803764 0 83.75831 2.803764 2.853995 62.08006 2.803764 11.22149 41.87915 2.803764 24.53224 24.53224 2.803764 41.87915 11.22149 2.803764 62.08006 2.853995 2.803764 83.75831 0 2.803764 105.4366 2.853995 2.803764 125.6375 11.22149 2.803764 142.9844 24.53224 2.803764 156.2951 41.87915 2.803764 164.6626 62.08006 2.803764 167.5166 83.75831 2.803764 142.0703 142.0703 2.803764 124.9911 155.1756 2.803764 155.1756 124.9911 2.803764 163.4139 105.102 2.803764 166.2238 83.75831 2.803764 163.4139 62.41466 2.803764 155.1756 42.52554 2.803764 142.0703 25.44637 2.803764 124.9911 12.34106 2.803764 105.102 4.102716 2.803764 83.75831 1.292771 2.803764 62.41466 4.102716 2.803764 42.52554 12.34106 2.803764 25.44637 25.44637 2.803764 12.34106 42.52554 2.803764 4.102716 62.41466 2.803764 1.292771 83.75831 2.803764 4.102716 105.102 2.803764 12.34106 124.9911 2.803764 25.44637 142.0703 2.803764 42.52554 155.1756 2.803764 62.41466 163.4139 2.803764 83.75831 166.2238 2.803764 105.102 163.4139 2.803764 125.6375 156.2951 0 125.6375 156.2951 2.803764 125.6375 156.2951 2.803764 125.6375 156.2951 0 156.2951 125.6375 0 164.6626 105.4366 2.803764 164.6626 105.4366 0 156.2951 125.6375 2.803764 156.2951 125.6375 2.803764 156.2951 125.6375 0 164.6626 105.4366 2.803764 164.6626 105.4366 0 167.5166 83.75831 2.803764 167.5166 83.75831 0 167.5166 83.75831 2.803764 167.5166 83.75831 0 164.6626 62.08006 2.803764 164.6626 62.08006 0 164.6626 62.08006 2.803764 164.6626 62.08006 0 156.2951 41.87915 2.803764 156.2951 41.87915 0 156.2951 41.87915 2.803764 156.2951 41.87915 0 142.9844 24.53224 2.803764 142.9844 24.53224 0 142.9844 24.53224 2.803764 142.9844 24.53224 0 125.6375 11.22149 0 125.6375 11.22149 2.803764 125.6375 11.22149 2.803764 125.6375 11.22149 0 105.4366 2.853995 0 105.4366 2.853995 2.803764 105.4366 2.853995 2.803764 105.4366 2.853995 0 83.75831 0 0 83.75831 0 2.803764 83.75831 0 2.803764 83.75831 0 0 62.08006 2.853995 0 62.08006 2.853995 2.803764 62.08006 2.853995 2.803764 62.08006 2.853995 0 41.87915 11.22149 0 41.87915 11.22149 2.803764 41.87915 11.22149 2.803764 41.87915 11.22149 0 24.53224 24.53224 0 24.53224 24.53224 2.803764 24.53224 24.53224 2.803764 24.53224 24.53224 0 11.22149 41.87915 2.803764 11.22149 41.87915 0 11.22149 41.87915 0 11.22149 41.87915 2.803764 2.853995 62.08006 2.803764 2.853995 62.08006 0 2.853995 62.08006 0 2.853995 62.08006 2.803764 0 83.75831 2.803764 0 83.75831 0 0 83.75831 0 0 83.75831 2.803764 2.853995 105.4366 2.803764 2.853995 105.4366 0 2.853995 105.4366 0 2.853995 105.4366 2.803764 11.22149 125.6375 2.803764 11.22149 125.6375 0 11.22149 125.6375 0 11.22149 125.6375 2.803764 24.53224 142.9844 2.803764 24.53224 142.9844 0 24.53224 142.9844 0 24.53224 142.9844 2.803764 41.87915 156.2951 0 41.87915 156.2951 2.803764 41.87915 156.2951 2.803764 41.87915 156.2951 0 142.9844 142.9844 0 142.9844 142.9844 2.803764 142.9844 142.9844 2.803764 142.9844 142.9844 0</float_array>
                    <technique_common>
                        <accessor count="384" source="#ID17" stride="3">
                            <param name="X" type="float" />
                            <param name="Y" type="float" />
                            <param name="Z" type="float" />
                        </accessor>
                    </technique_common>
                </source>
                <source id="ID10">
                    <float_array id="ID18" count="1152">2.851555e-016 1 0 0.258819 0.9659258 0 2.851555e-016 1 0 0.258819 0.9659258 0 -0.258819 -0.9659258 -0 -2.851555e-016 -1 -0 -0.258819 -0.9659258 -0 -2.851555e-016 -1 -0 0 0 0 0 0 0 0 0 0 0 0 0 0 0 -1 0 0 -1 0 0 -1 0 0 -1 0 0 -1 0 0 -1 0 0 -1 0 0 -1 0 0 -1 0 0 -1 0 0 -1 0 0 -1 0 0 -1 0 0 -1 0 0 -1 0 0 -1 0 0 -1 0 0 -1 0 0 -1 0 0 -1 0 0 -1 0 0 -1 0 0 -1 0 0 -1 0 0 -1 0 0 -1 0 0 -1 0 0 -1 0 0 -1 0 0 -1 0 0 -1 0 0 -1 0 0 -1 0 0 -1 0 0 -1 0 0 -1 0 0 -1 0 0 -1 0 0 -1 0 0 -1 0 0 -1 0 0 -1 0 0 -1 0 0 -1 0 0 -1 0 0 -1 0 0 -1 0 0 -1 -0 -0 1 -0 -0 1 -0 -0 1 -0 -0 1 -0 -0 1 -0 -0 1 -0 -0 1 -0 -0 1 -0 -0 1 -0 -0 1 -0 -0 1 -0 -0 1 -0 -0 1 -0 -0 1 -0 -0 1 -0 -0 1 -0 -0 1 -0 -0 1 -0 -0 1 -0 -0 1 -0 -0 1 -0 -0 1 -0 -0 1 -0 -0 1 -0 -0 1 -0 -0 1 -0 -0 1 -0 -0 1 -0 -0 1 -0 -0 1 -0 -0 1 -0 -0 1 -0 -0 1 -0 -0 1 -0 -0 1 -0 -0 1 -0 -0 1 -0 -0 1 -0 -0 1 -0 -0 1 -0 -0 1 -0 -0 1 -0 -0 1 -0 -0 1 -0 -0 1 -0 -0 1 -0 -0 1 -0 -0 1 0 0 0 0 0 0 0 0 0 0 0 0 0 0 0 0 0 0 0 0 0 0 0 0 0 0 0 0 0 0 0 0 0 0 0 0 0 0 0 0 0 0 0 0 0 0 0 0 0 0 0 0 0 0 0 0 0 0 0 0 0 0 0 0 0 0 0 0 0 0 0 0 0 0 0 0 0 0 0 0 0 0 0 0 0 0 0 0 0 0 0 0 0 0 0 0 0 0 0 0 0 0 0 0 0 0 0 0 0 0 0 0 0 0 0 0 0 0 0 0 0 0 0 0 0 0 0 0 0 0 0 0 0 0 0 0 0 0 -0.258819 0.9659258 0 -0.258819 0.9659258 0 0.258819 -0.9659258 -0 0.258819 -0.9659258 -0 0 0 0 0 0 1 0 0 1 0 0 1 0 0 1 0 0 1 0 0 1 0 0 1 0 0 1 0 0 1 0 0 1 0 0 1 0 0 1 0 0 1 0 0 1 0 0 1 0 0 1 0 0 1 0 0 1 0 0 1 0 0 1 0 0 1 0 0 1 0 0 1 0 0 1 0 0 1 0 0 1 0 0 1 0 0 1 0 0 1 0 0 1 0 0 1 0 0 1 0 0 1 0 0 1 0 0 1 0 0 1 0 0 1 0 0 1 0 0 1 0 0 1 0 0 1 0 0 1 0 0 1 0 0 1 0 0 1 0 0 1 0 0 1 0 0 1 -0 -0 -1 -0 -0 -1 -0 -0 -1 -0 -0 -1 -0 -0 -1 -0 -0 -1 -0 -0 -1 -0 -0 -1 -0 -0 -1 -0 -0 -1 -0 -0 -1 -0 -0 -1 -0 -0 -1 -0 -0 -1 -0 -0 -1 -0 -0 -1 -0 -0 -1 -0 -0 -1 -0 -0 -1 -0 -0 -1 -0 -0 -1 -0 -0 -1 -0 -0 -1 -0 -0 -1 -0 -0 -1 -0 -0 -1 -0 -0 -1 -0 -0 -1 -0 -0 -1 -0 -0 -1 -0 -0 -1 -0 -0 -1 -0 -0 -1 -0 -0 -1 -0 -0 -1 -0 -0 -1 -0 -0 -1 -0 -0 -1 -0 -0 -1 -0 -0 -1 -0 -0 -1 -0 -0 -1 -0 -0 -1 -0 -0 -1 -0 -0 -1 -0 -0 -1 -0 -0 -1 -0 -0 -1 0 0 0 0 0 0 0 0 0 0 0 0 0 0 0 0 0 0 0 0 0 0 0 0 0 0 0 0 0 0 0 0 0 0 0 0 0 0 0 0 0 0 0 0 0 0 0 0 0 0 0 0 0 0 0 0 0 0 0 0 0 0 0 0 0 0 0 0 0 0 0 0 0 0 0 0 0 0 0 0 0 0 0 0 0 0 0 0 0 0 0 0 0 0 0 0 0 0 0 0 0 0 0 0 0 0 0 0 0 0 0 0 0 0 0 0 0 0 0 0 0 0 0 0 0 0 0 0 0 0 0 0 0 0 0 0.5 0.8660254 0 0.5 0.8660254 0 -0.5 -0.8660254 -0 -0.5 -0.8660254 -0 0.8660254 0.5 0 0.9659258 0.258819 0 0.9659258 0.258819 0 0.8660254 0.5 0 -0.8660254 -0.5 -0 -0.8660254 -0.5 -0 -0.9659258 -0.258819 -0 -0.9659258 -0.258819 -0 1 -4.277333e-016 0 1 -4.277333e-016 0 -1 4.277333e-016 -0 -1 4.277333e-016 -0 0.9659258 -0.258819 0 0.9659258 -0.258819 0 -0.9659258 0.258819 -0 -0.9659258 0.258819 -0 0.8660254 -0.5 0 0.8660254 -0.5 0 -0.8660254 0.5 -0 -0.8660254 0.5 -0 0.7071068 -0.7071068 0 0.7071068 -0.7071068 0 -0.7071068 0.7071068 -0 -0.7071068 0.7071068 -0 0.5 -0.8660254 0 0.5 -0.8660254 0 -0.5 0.8660254 -0 -0.5 0.8660254 -0 0.258819 -0.9659258 0 0.258819 -0.9659258 0 -0.258819 0.9659258 -0 -0.258819 0.9659258 -0 -4.366444e-016 -1 0 -4.366444e-016 -1 0 4.366444e-016 1 -0 4.366444e-016 1 -0 -0.258819 -0.9659258 0 -0.258819 -0.9659258 0 0.258819 0.9659258 -0 0.258819 0.9659258 -0 -0.5 -0.8660254 0 -0.5 -0.8660254 0 0.5 0.8660254 -0 0.5 0.8660254 -0 -0.7071068 -0.7071068 0 -0.7071068 -0.7071068 0 0.7071068 0.7071068 -0 0.7071068 0.7071068 -0 -0.8660254 -0.5 0 -0.8660254 -0.5 0 0.8660254 0.5 -0 0.8660254 0.5 -0 -0.9659258 -0.258819 0 -0.9659258 -0.258819 0 0.9659258 0.258819 -0 0.9659258 0.258819 -0 -1 2.406e-016 0 -1 2.406e-016 0 1 -2.406e-016 -0 1 -2.406e-016 -0 -0.9659258 0.258819 0 -0.9659258 0.258819 0 0.9659258 -0.258819 -0 0.9659258 -0.258819 -0 -0.8660254 0.5 0 -0.8660254 0.5 0 0.8660254 -0.5 -0 0.8660254 -0.5 -0 -0.7071068 0.7071068 0 -0.7071068 0.7071068 0 0.7071068 -0.7071068 -0 0.7071068 -0.7071068 -0 -0.5 0.8660254 0 -0.5 0.8660254 0 0.5 -0.8660254 -0 0.5 -0.8660254 -0 0.7071068 0.7071068 0 0.7071068 0.7071068 0 -0.7071068 -0.7071068 -0 -0.7071068 -0.7071068 -0</float_array>
                    <technique_common>
                        <accessor count="384" source="#ID18" stride="3">
                            <param name="X" type="float" />
                            <param name="Y" type="float" />
                            <param name="Z" type="float" />
                        </accessor>
                    </technique_common>
                </source>
                <source id="ID12">
